<?xml version="1.0"?>
<opencv_storage>
<vsm_type>b</vsm_type>
<sub_vsm_type>b</sub_vsm_type>
<left_intrinsic type_id="opencv-matrix">
  <rows>3</rows>
  <cols>3</cols>
  <dt>d</dt>
  <data>
    4.0653894955285830e+02 0. 2.4558491795637514e+02 0.
    4.0225077650269759e+02 3.2863783977951272e+02 0. 0. 1.</data></left_intrinsic>
<right_intrinsic type_id="opencv-matrix">
  <rows>3</rows>
  <cols>3</cols>
  <dt>d</dt>
  <data>
    3.9749354922180885e+02 0. 2.2756634398109699e+02 0.
    3.9346050971819454e+02 3.2451725702104767e+02 0. 0. 1.</data></right_intrinsic>
<left_discoeffs type_id="opencv-matrix">
  <rows>5</rows>
  <cols>1</cols>
  <dt>d</dt>
  <data>
    -3.8893603139704347e-01 1.7383555330982425e-01
    6.8192402678662564e-04 8.5927232314769817e-04
    -4.0286380870099038e-02</data></left_discoeffs>
<right_discoeffs type_id="opencv-matrix">
  <rows>5</rows>
  <cols>1</cols>
  <dt>d</dt>
  <data>
    -3.9127550423681035e-01 1.7974192597561520e-01
    -3.3752275725896320e-04 1.0160573702529168e-03
    -4.4512112289462245e-02</data></right_discoeffs>
<homography_euclidean type_id="opencv-matrix">
  <rows>3</rows>
  <cols>3</cols>
  <dt>d</dt>
  <data>
    9.8664180619205677e-01 -2.3330523856384504e-03
    -2.3328225548204309e-01 3.5952533673429040e-03
    1.0001014764241036e+00 1.0284098568228752e-02
    -2.2722126951812871e-03 -6.5971477366543168e-03
    1.0000000000000002e+00</data></homography_euclidean>
<d_inv1>1.8034497516345505e-03</d_inv1>
<rotation type_id="opencv-matrix">
  <rows>3</rows>
  <cols>3</cols>
  <dt>d</dt>
  <data>
    9.9999275239759977e-01 3.0023350640671393e-03 2.3411827002084982e-03
    -3.0035218012894106e-03 9.9999536263865196e-01
    5.0354541015657894e-04 -2.3396600312570628e-03
    -5.1057355394057587e-04 9.9999713264868118e-01</data></rotation>
<transformation type_id="opencv-matrix">
  <rows>3</rows>
  <cols>1</cols>
  <dt>d</dt>
  <data>
    -4.6714641273799612e-01 1.5197519310840764e+02
    1.4563388309333608e-01</data></transformation>
</opencv_storage>
